637
849
742
1793
407
511
467
792
494
1586
609
547
584
596
705
309
858
1388
1045
2234
1369
609
290
1318
1126
277
2014
1571
1015
1758
326
627
898
1176
410
2937
2246
1007
1568
2129
1703
1211
1953
1121
1754
699
828
1079
549
625
440
1651
1606
2373
978
1257
960
2930
1591
1604
1060
241
1102
1058
386
588
1379
690
1270
3299
535
447
302
533
998
981
851
1224
537
1356
673
401
1119
1043
1049
247
427
1347
2702
4000
815
1255
638
720
1073
1127
2827
1640
1796
3407
1122
1315
1001
471
926
441
621
555
1601
3668
590
1322
280
576
1383
863
718
705
582
934
431
703
707
1136
1056
1319
769
1710
410
3158
556
1158
630
1050
1453
1964
703
2297
3439
3223
662
824
820
317
1291
1074
968
2045
1264
635
805
800
238
901
1703
1774
1708
992
1897
2894
691
510
1620
1078
2787
1457
1189
2313
3954
3394
273
1697
1257
510
478
662
1720
1369
1163
3136
305
959
2077
309
1481
394
617
731
745
2638
601
563
501
592
661
1812
1533
906
409
1766
859
423
978
971
644
359
2058
464
942
2686
898
891
506
376
418
512
693
1364
1761
2612
819
236
1642
1052
514
1055
818
1743
1056
2690
563
327
1068
175
870
314
1456
1110
619
1255
312
405
399
379
1188
1501
2409
1964
2580
2526
1158
1054
829
1216
712
2232
553
2188
1876
639
623
675
755
1873
630
630
638
1253
602
2580
299
943
583
614
585
897
533
644
941
693
802
433
707
1565
446
1685
376
222
1696
1177
613
753
289
554
1332
672
1293
1392
1710
2219
904
282
1072
1055
502
579
496
2016
534
1788
923
678
2024
733
1151
2387
1995
446
884
2885
643
1451
874
474
272
1475
867
823
1935
2018
371
628
979
589
474
1736
440
1560
765
1795
566
538
1040
1116
449
2408
1543
1300
1231
2800
362
670
337
391
2113
460
928
1135
1577
3679
887
1161
1411
1426
1600
805
715
997
1895
2736
602
1155
904
686
753
1676
1654
1477
1054
1040
608
300
855
1611
397
819
529
1372
646
1576
339
764
395
1726
550
654
618
1389
1156
2357
459
627
445
466
2155
810
401
1792
2299
1806
832
572
1225
948
867
372
805
465
247
1240
325
616
874
1117
541
1222
1568
982
1641
5092
918
702
1349
869
702
680
954
1508
1699
2364
551
809
1367
1879
1461
578
2477
1649
1536
2657
672
835
1215
430
926
1660
857
877
1433
1707
1029
458
176
1480
962
904
3523
1655
1820
1544
743
404
355
583
838
344
1329
686
1156
1501
503
1039
616
869
534
1225
1072
2881
2114
3282
644
832
769
985
619
1252
1253
1338
1356
3243
817
908
536
1588
489
904
706
677
3995
3067
706
495
1036
1284
2715
1493
1533
1811
1719
2654
472
720
580
2316
618
1507
544
1103
1512
2631
494
312
686
277
503
1471
1433
552
867
2162
1266
329
280
1782
749
1835
1130
2334
2905
3413
386
242
358
447
1819
1927
1113
1151
2628
2222
924
1928
835
1775
2056
612
985
476
2203
3094
867
439
1140
381
1016
556
1015
1793
2447
2492
351
433
794
746
514
2020
880
699
1676
936
331
526
459
609
860
312
2089
818
756
1550
481
653
702
1373
464
417
495
1571
1008
2073
427
1308
613
1787
304
1004
2597
1577
2734
2174
570
1532
1732
1344
590
1249
786
790
1099
951
467
1093
431
2363
1085
378
554
474
1647
3758
947
1787
1968
764
621
2117
1483
385
838
2147
547
1532
550
1255
487
332
742
845
1172
1975
753
2069
961
723
1421
724
1826
616
1727
1997
283
2090
747
2152
1162
532
1961
410
2720
2646
819
836
633
763
711
511
1091
479
490
1021
440
466
375
1317
525
280
1294
655
454
2901
977
1035
392
766
2138
2542
1425
710
1913
3509
912
546
997
1597
1082
1851
1870
1794
2064
2663
501
1145
828
986
923
540
875
745
2708
2986
606
220
417
365
1242
1653
2562
1046
1351
2003
242
1468
787
942
480
376
1702
558
1379
2031
742
432
758
425
877
429
786
554
2933
2756
386
474
539
535
741
1895
1511
1038
1959
1582
405
2188
1441
1461
450
709
697
525
1660
3295
873
1540
1028
1962
799
747
531
896
1470
572
540
1219
455
970
1057
1261
632
1391
1142
2397
383
1441
1593
1042
307
1251
558
229
1804
1930
893
754
375
949
2069
923
1103
1533
2139
1681
523
1635
628
453
658
1239
360
1262
1461
3402
296
570
793
515
489
366
244
1638
2276
2211
517
734
888
497
685
495
1084
1231
2079
1939
479
939
839
553
373
300
1742
942
428
2151
362
841
328
827
1450
1118
652
2857
1709
740
1074
275
705
2472
1732
1528
780
1406
1029
1457
564
199
1454
904
816
1551
2640
1401
1630
1920
712
322
1491
687
542
707
694
1808
3153
1794
2026
1493
1978
307
539
746
798
1043
2355
848
757
859
563
535
2128
949
892
1910
938
2203
1557
1001
1678
796
936
2449
1005
2625
1861
2115
616
1326
593
454
1917
405
2247
1666
795
1543
601
597
1917
1336
1066
662
954
1266
634
2946
873
1014
1847
709
2424
1585
1685
1034
1704
1333
561
342
606
326
372
1688
547
554
662
1232
523
834
707
933
1236
1061
184
1242
1588
1736
615
533
704
313
1485
1564
1158
1393
3550
2344
783
1121
631
1833
872
704
757
578
1327
1716
