25032
26655
36925
106555
61845
32011
131456
82629
138852
127324
6056
6272
2550
9563
41042
58840
47607
51439
53336
57146
17542
38093
11399
23224
24549
37094
24919
44089
182815
231805
5576
22439
1573
29820
83831
78578
152750
114118
111355
219123
32503
43772
49796
18724
32190
60152
83735
115085
93844
112564
6943
65539
61394
52459
13000
41893
60159
145012
114224
345835
10149
62242
26865
62091
71163
66183
103100
120078
149116
226301
34922
57177
60822
37490
43170
145682
43423
82228
260266
194375
58917
46217
7369
32831
32330
83115
186820
205414
294280
338537
5985
23423
16991
105969
41782
16574
89504
68045
79803
269218
25439
7338
26936
49619
85847
68549
102054
111409
184493
291863
8543
23575
21794
5892
6469
36735
5797
62025
69769
143137
12623
28159
42931
51972
121055
43521
100562
117734
211303
313982
8313
36642
56307
27635
16855
39095
32077
36806
51859
162249
6560
13229
47338
34086
134070
72148
73767
145506
144157
233387
15107
62916
90491
35140
84180
89214
152398
124048
106752
129499
18586
16188
37110
6938
99330
94729
69043
246778
236908
218718
16911
8873
56805
69947
3001
121589
46248
53686
119193
69321
4088
33343
42582
67778
26463
87317
90657
80615
190104
251910
3923
34671
35624
36085
119148
69923
28629
114005
143073
222840
50095
32427
40189
74722
25450
72227
185605
118170
186972
191793
13692
82768
7678
36624
91277
96487
55126
79798
117772
262961
6554
17892
39664
11285
84909
72971
71006
148234
125894
148082
27009
37796
15151
9459
62991
51647
96422
89750
94191
237903
13704
15488
2598
118179
112852
80670
76193
92948
304847
222325
16399
18874
6085
45654
56753
109989
141551
166723
167879
160648
11687
47669
147692
48828
45797
128153
48033
97804
276112
204707
25255
10041
52982
46000
75380
40099
74884
27181
56158
121928
11879
7880
38443
85203
83369
90379
84479
111041
163821
225710
16456
90529
78213
109315
120605
49112
30369
69494
48601
187488
39333
13940
20729
35655
48502
52842
129313
182165
128628
205395
10125
49006
53962
118185
62798
12693
109380
49417
169819
87123
7005
44223
74845
14150
68113
89396
89594
287799
79031
117433
17906
26733
23923
57302
85411
131701
36842
40486
71487
127352
27049
84922
23023
49845
135630
123427
46452
96710
73072
286429
11479
5964
36187
52738
86164
104244
44566
48951
174408
107051
28034
73963
30530
61578
88337
75233
78950
83544
111635
237739
55548
94040
107422
111181
30923
25984
89676
39557
105140
257734
12958
15765
11456
72589
60095
68465
47392
83451
69574
302739
3295
62631
14668
48349
37470
37003
59615
79865
201669
364891
22341
63278
25141
18201
57921
57970
17498
116854
144280
127531
4627
31110
8997
45759
33141
12129
137342
213703
109244
137693
18124
5687
8342
28460
43306
82615
34426
75410
119355
323493
41913
48847
69444
12216
30041
63367
93278
24470
81204
193967
9743
23502
69362
10117
40639
64004
107634
132573
78580
377172
9500
25473
38607
65081
6943
64239
68052
55512
77659
169633
12076
7682
49995
8839
1653
117189
19182
82211
300970
222417
15329
35433
60618
91199
26684
89811
127635
99723
233057
337346
4246
26823
5224
29900
6715
30558
50867
47634
56987
74271
16758
5010
50899
90168
30196
60191
83930
116400
154265
197430
41029
20134
56211
39093
75026
71052
57719
50415
202638
201044
19432
46683
106586
63897
20518
29910
83829
84270
136740
237763
23133
79836
85488
16187
145963
36756
34965
85033
27748
201650
22991
10081
15468
20221
34700
51857
187107
99117
213705
330257
14015
43646
43783
62977
237363
108859
103706
216453
189784
272300
39933
7390
97795
37344
61907
129356
102391
134780
89715
257592
31759
16526
65392
19617
66317
24866
59388
18136
136013
172770
8848
12308
90288
118429
43792
72491
76910
96611
67319
138240
35214
55944
46802
8258
152674
81056
10955
8943
75702
140195
38850
34212
25900
53410
6820
25271
108424
114924
69616
259013
31754
37872
6945
11369
87354
8861
48786
25618
118341
77103
25225
23754
36029
40304
5187
14952
34869
144157
91911
414682
5019
45156
61813
60651
151777
15678
101157
109505
149683
121767
8191
27376
21147
4804
85491
90001
109079
153976
236409
266034
9048
74687
85187
67603
1227
35851
12089
200217
108559
144058
29528
92346
128500
27332
57402
74115
114279
178638
159192
34512
22170
30164
64204
568262
148510
56835
47634
66084
177874
197211
14354
37861
39076
48084
1690
38311
123500
106430
95130
107924
57179
35541
96587
142024
29599
39179
45458
41467
40848
137521
25891
48245
107030
77597
90344
120907
119108
98008
160083
163032
12250
34684
26300
82226
44036
47958
130177
178389
279917
258369
15868
41707
42777
70785
27712
43685
66887
105378
92338
91711
5196
34824
37924
65124
68671
22931
22531
31041
127598
187785
3814
19907
9135
10999
58453
27324
136994
142810
169158
141150
2730
15937
60394
32115
49169
7142
41000
75036
145921
142481
16396
36266
66865
8004
48442
17928
49279
56664
93409
190315
45972
102602
180976
50896
60504
97835
62304
186294
209783
241901
54430
24801
27942
38464
16137
28232
105536
87393
173430
276631
3656
31035
56968
2195
71994
121307
103245
125081
178994
202786
4071
60701
5286
102091
94926
48359
140509
135505
198884
209676
34543
37586
28596
25600
8822
65503
62629
93803
137281
151196
17376
57218
10362
65706
27975
60397
33006
29688
79788
100683
4857
14752
97449
59942
122894
41051
92803
94458
96833
224034
24455
8127
37122
16198
51989
61805
89628
98761
60492
100488
9408
11164
5321
38523
48603
82908
14709
81940
82924
146820
11423
15011
62418
26288
45618
59110
206696
158234
143860
335212
48398
46873
25357
76039
45695
67027
78286
74195
79675
338511
5170
33727
29670
4905
48792
21394
54799
67117
117509
249582
4952
27082
58466
9129
36534
31459
40941
8391
52513
94172
12648
64601
5789
75812
88626
77468
162687
133068
331778
273321
8130
7586
40588
5171
37940
15319
42578
129349
136800
226479
86891
139154
170712
143394
208514
207345
174152
279987
220020
380446
21382
9827
27520
47320
54992
44077
53936
97615
136027
147121
49874
31895
74465
41209
153988
115543
130113
91569
180984
233636
45894
16240
49593
45276
42105
102448
77590
141942
148795
143117
58737
13895
89710
91880
60905
87524
119692
97231
102841
272548
34274
49322
36260
16990
73293
22812
119198
66474
193240
317080
4677
47445
10325
89179
8733
93651
38733
40342
75614
98740
44041
26453
91105
92832
13144
191583
139536
78361
160765
79486
30805
46955
32055
89487
165042
89122
65214
89080
50209
245116
