5028
7328
7432
10350
11493
9844
9100
4845
6309
14570
11409
9354
10149
10374
11005
14428
18336
14078
6226
5764
17969
9007
17073
8772
13693
11309
13640
5271
14125
15464
9274
7500
11236
9562
11739
19796
7357
7927
8714
13558
18448
17214
22220
10092
11366
9330
11304
13144
7696
15469
7455
14589
15906
12748
20772
10955
14074
16648
7583
17321
16223
10254
12590
9889
11299
13278
16448
7742
14070
21641
9355
10511
10035
12490
10531
14824
15502
16142
17804
4866
19997
4993
6734
8128
10374
10677
12009
14523
21061
10317
12774
9016
10141
13710
12703
30954
15771
17461
17826
7620
8290
23543
11476
13385
17379
20677
13446
12374
6704
18254
7712
22478
10429
12380
11777
14540
14815
15923
18264
7095
7261
11224
24051
10580
15990
12848
17170
15419
14298
14127
18750
14010
14450
11572
15623
20855
11208
15893
15910
15751
7719
8843
12692
12901
11775
17731
11480
16133
16603
18896
15492
10896
19155
16773
13869
17274
13499
14647
14379
9483
6603
10242
13787
15475
12387
9759
3908
13893
16258
6540
12975
26672
11947
18019
3639
21699
13133
9646
11154
13750
14274
14134
23662
8577
9047
15392
12111
18228
12053
14418
8598
11610
8898
9759
14460
10973
5383
11781
18105
22719
11018
11064
12647
14151
13128
11293
16512
25560
15063
5148
9739
7341
8477
8426
12462
8701
20744
10184
12222
23990
15324
12603
10398
11521
10829
19801
14587
5490
12009
13735
12826
12832
15085
14259
12735
15110
19864
16110
23213
23845
8122
9134
13721
11715
10054
9634
12321
16713
8550
11859
11378
17553
11849
11697
13226
18224
12489
15404
14920
7549
14586
8633
10325
14280
18964
8356
15747
7311
16563
17289
9712
11043
12356
13328
17927
17362
12368
18553
14793
9085
26504
12133
9751
8688
9601
9080
10539
6004
12674
16349
8188
10223
15261
13332
11349
10283
15572
18151
21505
19272
7866
8278
10478
12488
10811
15480
14866
13355
10227
10073
8291
9475
16047
18545
14145
11917
15861
11077
9792
11480
18530
13377
20130
12460
13549
13352
14434
12112
6119
9611
32084
16471
20896
16145
9482
11471
12928
13455
7066
12399
14161
11774
23806
13356
16672
15762
12263
9354
16468
8693
20066
3852
8108
10877
11276
14215
5758
18536
9513
10683
9195
8450
27545
16023
13895
22491
13703
11450
14881
18087
8937
9846
11959
14526
5278
17621
17998
15957
9221
16694
10676
11061
5423
20811
16962
16747
23234
7919
14373
14714
15816
10223
20764
12848
10978
11946
15023
16041
17426
20509
8902
12460
14170
14216
16545
15812
6762
17183
16991
11566
10278
19063
10188
15976
11188
23049
14808
17839
16925
11333
17970
7882
9421
16178
14859
17828
15289
20462
18318
15824
6142
9311
10996
12183
13400
12396
14882
13088
12188
13008
17734
10330
12657
17610
15867
16178
14423
17128
16520
8778
14445
25313
13929
9810
10694
14614
12266
13957
15118
6695
16694
9244
10044
11141
11563
13760
12343
12848
9192
10074
10637
7226
16242
8011
18363
10227
13778
20538
7469
8642
8288
10924
12265
13399
19653
12969
18463
15903
15662
8603
10987
8823
8143
13184
23028
13424
14155
11122
18844
7159
7437
20980
10790
10961
13831
12272
14832
14850
19157
9268
7400
12041
17074
14862
10870
17409
12352
18150
16313
22303
9171
19708
10973
13458
16425
12155
12039
5431
12709
8571
15269
8938
10274
12238
28212
15727
15851
14066
21295
6535
9270
8734
20411
9426
11346
8744
4693
8478
11176
14899
16404
12921
13517
20099
17018
18909
13387
8972
15198
19164
13682
12027
13791
17925
11266
9953
9714
3642
13731
14222
5634
14216
12897
15971
11851
12180
14490
8106
8746
8294
11856
26765
14774
14499
16121
16436
11706
15695
8062
17790
7784
9843
12487
13627
22752
10607
12636
15284
10466
10915
13880
8756
13258
16988
11648
13102
11957
13247
13868
16660
8662
11417
13243
12703
12744
13440
14970
15032
18739
13213
20310
26221
17154
19903
16419
18033
20259
16388
15765
25751
7033
7333
12495
13045
14799
18340
16591
8933
9823
10105
14346
10316
16579
14448
8407
15204
8860
10146
15001
19504
19705
11573
15568
15896
11386
13858
13686
10726
13331
16024
12217
11163
17632
11318
13444
16463
19133
20292
22373
17235
8613
11978
14100
12629
12247
5474
13331
12985
10654
12418
16150
16881
14681
15166
17355
11040
11183
18525
5084
9774
10016
19708
12038
12051
9855
29350
17300
8264
14942
11601
14620
13818
16907
10746
20472
13919
15989
16936
13823
5001
10659
11424
12205
14612
12805
22519
14801
8945
8570
14947
8472
7749
21050
10669
18802
11977
14786
15089
15010
18590
10028
10624
10113
12772
12620
14178
18730
10843
14106
14665
11949
14496
14623
12185
17978
12269
14682
13381
3999
14640
19797
7425
13103
14086
12229
15207
7714
7370
8278
13789
14297
14528
17958
11155
13425
22189
13228
13629
19678
17928
8918
10404
12888
13546
13424
7477
13595
15208
11565
14479
14626
10588
19488
22629
7382
10661
12720
17113
16408
13166
14402
15555
11748
17120
14053
12797
23964
12723
9875
18102
12906
8045
20492
10457
12860
11970
8359
12630
17401
7908
10537
8804
12412
12980
13109
12182
24906
10854
17128
11520
12787
10354
11622
13542
11862
15533
13698
17138
25862
20182
6394
10298
11596
14673
15176
6949
6999
21595
7498
14679
20242
8533
8892
22978
9718
9446
21197
12449
16451
14721
8137
11679
5583
14305
10991
16670
10791
10952
13384
17334
13502
15656
15504
23509
13580
20102
7820
6444
15642
11881
16150
8611
15484
15917
8795
15958
17077
10630
18862
11877
13259
17457
16129
11184
17761
12440
15212
15112
23333
10399
10895
11569
10867
10895
13291
24271
12862
14444
7596
17304
17287
12079
10314
10973
16906
13531
13082
8354
14248
8732
20203
9601
7692
19004
8392
17659
13363
15041
11830
8608
15673
12435
13555
16554
7780
9613
15483
20544
14774
14614
15416
11466
19577
12804
25583
15497
18399
9817
12598
8023
9522
10931
18155
6970
27037
15281
16498
15923
15821
9171
9745
22787
14249
15204
12650
16964
16661
9387
15138
20598
11763
9954
9867
14884
16032
15952
21094
16102
9377
13651
17479
12044
18430
9575
11645
14858
4889
7894
18238
8874
16574
16283
16551
11440
10342
9373
12757
20850
22621
9926
16025
16044
15543
12250
15384
21185
17722
13198
18098
18496
